261
511
125
2
0
1
21
3
0
2
17
0
1
2
5
5
0
4
17
0
1
4
1
1
2
4
1
2
3
4
5
5
0
4
17
0
3
4
4
0
1
3
1
1
2
3
5
2
0
1
21
2
0
1
21
3
0
2
17
0
1
2
5
2
0
1
21
4
0
3
17
0
1
3
1
1
2
3
5
5
0
4
17
0
1
4
1
1
2
4
1
2
3
4
5
3
0
2
17
0
1
2
5
3
0
2
17
0
1
2
5
3
0
2
17
0
1
2
5
3
0
2
17
0
1
2
5
2
0
1
21
2
0
1
21
4
0
3
17
0
2
3
4
0
1
2
5
4
0
3
17
0
1
3
1
1
2
3
5
3
0
2
17
0
1
2
5
2
0
1
21
3
0
2
17
0
1
2
5
3
0
2
17
0
1
2
5
2
0
1
21
3
0
2
17
0
1
2
5
3
0
2
17
0
1
2
5
3
0
2
17
0
1
2
5
2
0
1
21
3
0
2
17
0
1
2
5
3
0
2
17
0
1
2
5
3
0
2
17
0
1
2
5
3
0
2
17
0
1
2
5
3
0
2
17
0
1
2
5
3
0
2
17
0
1
2
5
3
0
2
17
0
1
2
5
2
0
1
21
3
0
2
17
0
1
2
5
3
0
2
17
0
1
2
5
3
0
2
17
0
1
2
5
3
0
2
17
0
1
2
5
3
0
2
17
0
1
2
5
3
0
2
17
0
1
2
5
2
0
1
21
3
0
2
17
0
1
2
5
5
0
4
17
0
3
4
4
0
1
3
1
1
2
3
5
3
0
2
17
0
1
2
5
5
0
4
17
0
1
4
1
1
2
4
1
2
3
4
5
4
0
3
17
0
1
3
1
1
2
3
5
4
0
3
17
0
2
3
4
0
1
2
5
4
0
3
17
0
1
3
1
1
2
3
5
3
0
2
17
0
1
2
5
3
0
2
17
0
1
2
5
3
0
2
17
0
1
2
5
3
0
2
17
0
1
2
5
3
0
2
17
0
1
2
5
3
0
2
17
0
1
2
5
3
0
2
17
0
1
2
5
2
0
1
21
5
0
4
17
0
3
4
4
0
2
3
4
0
1
2
5
2
0
1
21
2
0
1
21
3
0
2
17
0
1
2
5
4
0
3
17
0
2
3
4
0
1
2
5
2
0
1
21
4
0
3
17
0
1
3
1
1
2
3
5
4
0
3
17
0
1
3
1
1
2
3
5
5
0
4
17
0
1
4
1
1
3
4
4
1
2
3
5
2
0
1
21
2
0
1
21
5
0
4
17
0
1
4
1
1
2
4
1
2
3
4
5
2
0
1
21
2
0
1
21
3
0
2
17
0
1
2
5
3
0
2
17
0
1
2
5
3
0
2
17
0
1
2
5
5
0
4
17
0
3
4
4
0
1
3
1
1
2
3
5
2
0
1
21
3
0
2
17
0
1
2
5
5
0
4
17
0
1
4
1
1
2
4
1
2
3
4
5
3
0
2
17
0
1
2
5
4
0
3
17
0
2
3
4
0
1
2
5
3
0
2
17
0
1
2
5
3
0
2
17
0
1
2
5
3
0
2
17
0
1
2
5
5
0
4
17
0
1
4
1
1
2
4
1
2
3
4
5
2
0
1
21
3
0
2
17
0
1
2
5
2
0
1
21
3
0
2
17
0
1
2
5
2
0
1
21
2
0
1
21
5
0
4
17
0
1
4
1
1
2
4
1
2
3
4
5
3
0
2
17
0
1
2
5
2
0
1
21
5
0
4
17
0
1
4
1
1
2
4
1
2
3
4
5
2
0
1
21
3
0
2
17
0
1
2
5
2
0
1
21
5
0
4
17
0
3
4
4
0
2
3
4
0
1
2
5
2
0
1
21
4
0
3
17
0
1
3
1
1
2
3
5
2
0
1
21
4
0
3
17
0
1
3
1
1
2
3
5
2
0
1
21
4
0
3
17
0
2
3
4
0
1
2
5
3
0
2
17
0
1
2
5
3
0
2
17
0
1
2
5
3
0
2
17
0
1
2
5
5
0
4
17
0
3
4
4
0
1
3
1
1
2
3
5
2
0
1
21
2
0
1
21
3
0
2
17
0
1
2
5
3
0
2
17
0
1
2
5
2
0
1
21
3
0
2
17
0
1
2
5
4
0
3
17
0
1
3
1
1
2
3
5
3
0
2
17
0
1
2
5
2
0
1
21
3
0
2
17
0
1
2
5
3
0
2
17
0
1
2
5
2
0
1
21
5
0
4
17
0
1
4
1
1
3
4
4
1
2
3
5
3
0
2
17
0
1
2
5
3
0
2
17
0
1
2
5
2
0
1
21
4
0
3
17
0
1
3
1
1
2
3
5
5.443413
62.400002
-31.932930
6.043411
62.400002
-31.932930
6.643417
62.400002
-32.832932
3.043411
62.400002
-30.732933
3.343414
62.400002
-29.532928
5.143417
62.400002
-30.732933
5.443413
62.400002
-31.932930
-0.556587
62.400002
-34.632927
6.943413
62.400002
-34.332932
8.743416
62.400002
-34.332932
8.443413
62.400002
-50.232929
-2.056587
62.400002
-50.232929
-6.556587
62.400002
-42.432930
5.443413
62.400002
-31.932930
6.643417
62.400002
-32.832932
6.943413
62.400002
-34.332932
0.943413
62.400002
-34.032928
0.943413
62.400002
-32.832932
3.043411
62.400002
-30.732933
-0.556587
62.400002
-34.632927
0.943413
62.400002
-34.032928
6.943413
62.400002
-34.332932
-2.056587
62.400002
-50.232929
-12.556587
62.400002
-50.232929
-6.556587
62.400002
-42.432930
15.943413
62.400002
-34.332932
16.243416
62.400002
-32.832932
16.543411
62.400002
-32.532928
22.243416
62.400002
-37.632927
32.743416
62.400002
-47.832932
32.743416
62.400002
-50.232929
26.443413
62.400002
-50.232929
27.643417
62.400002
-43.032928
28.243416
62.400002
-43.032928
32.743416
62.400002
-47.832932
26.443413
62.400002
-50.232929
20.443413
62.400002
-50.232929
22.243416
62.400002
-37.632927
27.643417
62.400002
-43.032928
20.443413
62.400002
-50.232929
8.443413
62.400002
-50.232929
8.743416
62.400002
-34.332932
15.943413
62.400002
-34.332932
28.543419
62.400002
-30.732933
29.143417
62.400002
-29.532928
29.443413
62.400002
-29.532928
29.743416
62.400002
-38.232933
32.743416
62.400002
-50.232929
32.743416
62.400002
-47.832932
34.243416
62.400002
-48.132927
36.043419
62.400002
-50.232929
23.743416
62.400002
-34.032928
28.543419
62.400002
-30.732933
29.743416
62.400002
-38.232933
29.143417
62.400002
-40.332932
36.043419
62.400002
-50.232929
34.243416
62.400002
-48.132927
34.543419
62.400002
-46.932930
36.043419
62.400002
-43.332932
29.743416
62.400002
-38.232933
30.943413
62.400002
-37.932930
29.143417
62.400002
-40.332932
30.943413
62.400002
-37.932930
30.943413
62.400002
-36.132927
36.043419
62.400002
-36.432930
30.943413
62.400002
-37.932930
36.043419
62.400002
-36.432930
36.043419
62.400002
-43.332932
34.543419
62.400002
-46.932930
29.143417
62.400002
-40.332932
-8.056587
51.000000
-28.932930
-6.556587
51.000000
-29.832932
-6.556587
51.000000
-37.932930
-16.156586
51.000000
-37.932930
-16.156586
51.000000
-28.932930
-5.056587
51.000000
-31.332932
-3.556587
51.000000
-31.632927
-2.956589
51.000000
-32.832932
-5.056587
51.000000
-37.932930
-2.956589
51.000000
-32.832932
-1.156586
51.000000
-33.432930
-0.856583
51.000000
-34.332932
1.543411
51.000000
-37.932930
-0.856583
51.000000
-34.332932
10.243416
51.000000
-34.332932
8.143417
51.000000
-37.932930
-5.056587
51.000000
-37.932930
-2.956589
51.000000
-32.832932
-0.856583
51.000000
-34.332932
1.543411
51.000000
-37.932930
10.243416
51.000000
-34.332932
14.743416
51.000000
-37.932930
8.143417
51.000000
-37.932930
21.643417
51.000000
-34.332932
21.643417
51.000000
-37.932930
14.743416
51.000000
-37.932930
10.243416
51.000000
-34.332932
28.543419
51.000000
-31.332932
28.843414
51.000000
-30.132927
29.443413
51.000000
-30.132927
29.443413
51.000000
-37.932930
24.943413
51.000000
-32.832932
27.043419
51.000000
-31.332932
28.543419
51.000000
-31.332932
24.043419
51.000000
-34.332932
21.643417
51.000000
-37.932930
21.643417
51.000000
-34.332932
24.043419
51.000000
-34.332932
29.443413
51.000000
-37.932930
21.643417
51.000000
-37.932930
24.043419
51.000000
-34.332932
28.543419
51.000000
-31.332932
35.143417
51.000000
-31.932930
35.143417
51.000000
-37.932930
30.943413
51.000000
-37.932930
30.943413
51.000000
-31.632927
30.943413
51.000000
-19.332932
30.943413
51.000000
-13.032928
35.143417
51.000000
-13.032928
35.143417
51.000000
-19.332932
35.143417
51.000000
-25.632927
35.143417
51.000000
-31.932930
30.943413
51.000000
-31.632927
31.243416
51.000000
-25.632927
35.143417
51.000000
-19.332932
35.143417
51.000000
-25.632927
31.243416
51.000000
-25.632927
30.943413
51.000000
-19.332932
36.043419
62.400002
-25.632927
36.043419
62.400002
-36.432930
30.943413
62.400002
-36.132927
30.943413
62.400002
-25.632927
30.943413
62.400002
-14.832932
36.043419
62.400002
-14.532928
36.043419
62.400002
-25.632927
30.943413
62.400002
-25.632927
6.643417
62.400002
-32.832932
6.043411
62.400002
-31.932930
6.643417
62.400002
-31.632927
5.143417
62.400002
-22.632927
5.443413
62.400002
-23.232933
4.843414
62.400002
-23.832932
0.943413
62.400002
-25.632927
17.443413
62.400002
-27.732933
17.743416
62.400002
-28.332932
16.243416
62.400002
-29.532928
14.143417
62.400002
-29.832932
6.943413
62.400002
-29.532928
0.943413
62.400002
-25.632927
4.843414
62.400002
-27.132927
9.043411
62.400002
-29.832932
16.243416
62.400002
-29.532928
16.543411
62.400002
-32.532928
16.243416
62.400002
-32.832932
14.143417
62.400002
-29.832932
6.643417
62.400002
-32.832932
6.643417
62.400002
-31.632927
6.943413
62.400002
-29.532928
9.043411
62.400002
-29.832932
9.043411
62.400002
-29.832932
14.143417
62.400002
-29.832932
16.243416
62.400002
-32.832932
6.643417
62.400002
-32.832932
0.943413
62.400002
-25.632927
4.843414
62.400002
-23.832932
4.843414
62.400002
-27.132927
-4.156586
51.000000
-27.732933
-2.656586
51.000000
-28.332932
-4.156586
51.000000
-28.932930
-5.056587
51.000000
-28.632927
2.443413
51.000000
-22.632927
6.343414
51.000000
-20.532928
8.143417
51.000000
-20.532928
8.443413
51.000000
-30.132927
6.343414
51.000000
-29.832932
2.443413
51.000000
-28.332932
-1.156586
51.000000
-28.032928
-0.256584
51.000000
-27.732933
0.343414
51.000000
-28.932930
-0.256584
51.000000
-31.032928
20.743416
51.000000
-23.832932
20.743416
51.000000
-27.132927
15.043411
51.000000
-30.432930
8.443413
51.000000
-30.132927
8.143417
51.000000
-20.532928
15.043411
51.000000
-20.532928
23.443413
51.000000
-21.132927
22.843414
51.000000
-22.032928
21.343414
51.000000
-22.032928
22.243416
51.000000
-18.432930
23.443413
51.000000
-19.332932
8.143417
51.000000
-20.532928
8.443413
51.000000
-18.432930
9.043411
51.000000
-18.132927
14.443413
51.000000
-19.932930
15.043411
51.000000
-20.532928
9.043411
51.000000
-32.832932
8.443413
51.000000
-32.532928
8.443413
51.000000
-30.132927
15.043411
51.000000
-30.432930
14.443413
51.000000
-31.032928
0.343414
51.000000
-26.532928
-0.256584
51.000000
-27.132927
-0.256584
51.000000
-23.832932
0.343414
51.000000
-24.432930
16.543411
51.000000
-20.532928
20.743416
51.000000
-22.632927
20.743416
51.000000
-23.832932
15.043411
51.000000
-20.532928
1.843414
51.000000
-26.532928
0.343414
51.000000
-26.532928
0.343414
51.000000
-24.432930
1.843414
51.000000
-24.432930
-4.156586
51.000000
-27.732933
-5.056587
51.000000
-28.632927
-5.056587
51.000000
-22.332932
-3.856583
51.000000
-22.932930
20.743416
51.000000
-23.832932
21.943413
51.000000
-24.432930
21.943413
51.000000
-26.532928
20.743416
51.000000
-27.132927
20.743416
51.000000
-27.132927
20.743416
51.000000
-28.332932
16.543411
51.000000
-30.432930
15.043411
51.000000
-30.432930
-0.256584
51.000000
-31.032928
0.343414
51.000000
-28.932930
1.843414
51.000000
-28.932930
0.943413
51.000000
-32.532928
0.343414
51.000000
-22.032928
-1.756584
51.000000
-22.032928
0.643417
51.000000
-20.232933
22.543411
51.000000
-28.932930
23.143417
51.000000
-31.632927
22.243416
51.000000
-32.532928
16.843414
51.000000
-32.532928
17.143417
51.000000
-31.032928
20.743416
51.000000
-28.332932
1.843414
51.000000
-22.032928
0.343414
51.000000
-22.032928
0.643417
51.000000
-20.232933
9.043411
51.000000
-18.132927
14.743416
51.000000
-18.432930
14.443413
51.000000
-19.932930
2.443413
51.000000
-28.332932
1.843414
51.000000
-26.532928
1.843414
51.000000
-24.432930
2.443413
51.000000
-22.632927
-1.756584
51.000000
-22.032928
0.343414
51.000000
-22.032928
-0.256584
51.000000
-23.232933
-3.856583
51.000000
-22.932930
-5.056587
51.000000
-22.332932
14.443413
51.000000
-31.032928
14.743416
51.000000
-32.532928
9.043411
51.000000
-32.832932
0.943413
51.000000
-32.532928
1.843414
51.000000
-28.932930
2.443413
51.000000
-28.332932
6.343414
51.000000
-29.832932
6.343414
51.000000
-32.532928
22.243416
51.000000
-18.432930
21.343414
51.000000
-22.032928
20.743416
51.000000
-22.632927
17.143417
51.000000
-19.932930
16.843414
51.000000
-18.432930
0.643417
51.000000
-20.232933
0.943413
51.000000
-18.432930
6.343414
51.000000
-18.432930
6.343414
51.000000
-20.532928
2.443413
51.000000
-22.632927
1.843414
51.000000
-22.032928
16.543411
51.000000
-20.532928
17.143417
51.000000
-19.932930
20.743416
51.000000
-22.632927
20.743416
51.000000
-28.332932
17.143417
51.000000
-31.032928
16.543411
51.000000
-30.432930
28.843414
62.400002
-28.632927
28.843414
62.400002
-22.332932
29.143417
62.400002
-21.432930
29.443413
62.400002
-21.432930
29.443413
62.400002
-29.532928
29.143417
62.400002
-29.532928
27.943413
62.400002
-28.632927
23.743416
62.400002
-26.832932
24.643417
62.400002
-25.932930
18.043411
62.400002
-19.332932
17.443413
62.400002
-19.032928
21.943413
62.400002
-17.532928
18.043411
62.400002
-20.532928
18.043411
62.400002
-19.332932
21.943413
62.400002
-17.532928
23.143417
62.400002
-19.032928
24.643417
62.400002
-25.032928
18.043411
62.400002
-20.532928
23.143417
62.400002
-19.032928
27.943413
62.400002
-22.332932
22.543411
62.400002
-32.532928
19.843414
62.400002
-29.232933
23.743416
62.400002
-26.832932
27.943413
62.400002
-28.632927
24.643417
62.400002
-25.032928
27.943413
62.400002
-22.332932
28.843414
62.400002
-22.332932
28.843414
62.400002
-28.632927
27.943413
62.400002
-28.632927
24.643417
62.400002
-25.932930
25.843414
51.000000
-22.032928
26.743416
51.000000
-21.132927
27.043419
51.000000
-22.332932
22.843414
51.000000
-22.032928
23.443413
51.000000
-21.132927
24.343414
51.000000
-22.032928
23.143417
51.000000
-24.132927
23.143417
51.000000
-26.832932
23.143417
51.000000
-24.132927
27.043419
51.000000
-22.332932
29.443413
51.000000
-22.932930
29.443413
51.000000
-28.032928
27.043419
51.000000
-28.632927
23.143417
51.000000
-26.832932
21.943413
51.000000
-26.532928
21.943413
51.000000
-24.432930
23.143417
51.000000
-24.132927
26.743416
51.000000
-29.832932
24.043419
51.000000
-31.632927
23.143417
51.000000
-28.632927
23.143417
51.000000
-26.832932
27.043419
51.000000
-28.632927
24.343414
51.000000
-22.032928
25.843414
51.000000
-22.032928
27.043419
51.000000
-22.332932
23.143417
51.000000
-24.132927
23.143417
51.000000
-31.632927
22.543411
51.000000
-28.932930
23.143417
51.000000
-28.632927
24.043419
51.000000
-31.632927
-7.756584
51.000000
-22.932930
-6.556587
51.000000
-22.932930
-6.556587
51.000000
-28.032928
-7.756584
51.000000
-28.032928
-8.056587
51.000000
-22.332932
-7.756584
51.000000
-22.932930
-7.756584
51.000000
-28.032928
-8.056587
51.000000
-28.932930
-16.156586
51.000000
-28.932930
-16.156586
51.000000
-22.332932
6.643417
62.400002
-19.332932
6.043411
62.400002
-19.032928
6.643417
62.400002
-18.132927
17.743416
62.400002
-28.332932
17.443413
62.400002
-27.732933
18.043411
62.400002
-27.132927
21.943413
62.400002
-25.332932
16.243416
62.400002
-18.132927
16.843414
62.400002
-19.032928
16.243416
62.400002
-19.632927
5.443413
62.400002
-23.232933
5.143417
62.400002
-22.632927
6.943413
62.400002
-21.432930
8.443413
62.400002
-21.432930
16.243416
62.400002
-19.632927
16.243416
62.400002
-21.432930
14.443413
62.400002
-21.432930
8.443413
62.400002
-21.432930
6.943413
62.400002
-21.432930
6.643417
62.400002
-19.332932
14.443413
62.400002
-21.432930
8.443413
62.400002
-21.432930
6.643417
62.400002
-19.332932
6.643417
62.400002
-18.132927
16.243416
62.400002
-18.132927
16.243416
62.400002
-19.632927
16.243416
62.400002
-21.432930
21.943413
62.400002
-25.332932
18.043411
62.400002
-23.832932
14.443413
62.400002
-21.432930
21.943413
62.400002
-25.332932
18.043411
62.400002
-27.132927
18.043411
62.400002
-23.832932
6.643417
62.400002
-18.132927
6.043411
62.400002
-19.032928
5.143417
62.400002
-19.332932
0.943413
62.400002
-18.132927
0.943413
62.400002
-16.932930
6.943413
62.400002
-16.632927
5.143417
62.400002
-19.332932
5.143417
62.400002
-20.232933
4.243416
62.400002
-21.132927
0.943413
62.400002
-16.932930
-0.256584
62.400002
-16.632927
-5.056587
62.400002
-13.332932
6.943413
62.400002
-16.632927
-1.156586
62.400002
-24.432930
-1.456589
62.400002
-25.932930
-5.056587
62.400002
-25.632927
-1.156586
62.400002
-24.432930
-5.056587
62.400002
-25.632927
-5.056587
62.400002
-22.332932
0.943413
62.400002
-18.132927
5.143417
62.400002
-19.332932
4.243416
62.400002
-21.132927
-0.256584
62.400002
-16.632927
-5.056587
62.400002
-19.932930
-5.056587
62.400002
-13.332932
9.343414
62.400002
-16.632927
6.943413
62.400002
-16.632927
-5.056587
62.400002
-13.332932
2.143417
62.400002
-1.032928
9.343414
62.400002
-1.032928
-5.056587
62.400002
-13.332932
-4.756584
62.400002
-1.032928
2.143417
62.400002
-1.032928
-6.556587
62.400002
-25.632927
-8.056587
62.400002
-25.632927
-13.156586
62.400002
-25.032928
-13.156586
62.400002
-15.432930
-6.556587
62.400002
-15.432930
-7.756584
51.000000
-21.432930
-8.056587
51.000000
-22.332932
-16.156586
51.000000
-22.332932
-6.556587
51.000000
-13.032928
-6.556587
51.000000
-21.132927
-7.756584
51.000000
-21.432930
-16.156586
51.000000
-22.332932
-16.156586
51.000000
-13.032928
29.443413
62.400002
-21.432930
29.143417
62.400002
-21.432930
28.543419
62.400002
-20.232933
29.743416
62.400002
-12.732925
36.043419
62.400002
-14.532928
30.943413
62.400002
-14.832932
30.943413
62.400002
-13.032928
36.043419
62.400002
-7.932930
28.543419
62.400002
-20.232933
26.143417
62.400002
-19.032928
23.443413
62.400002
-16.632927
29.743416
62.400002
-12.732925
29.743416
62.400002
-12.732925
23.443413
62.400002
-16.632927
22.543411
62.400002
-16.632927
22.543411
62.400002
-1.032928
29.143417
62.400002
-1.032928
36.043419
62.400002
-7.932930
36.043419
62.400002
-7.932930
30.943413
62.400002
-13.032928
29.743416
62.400002
-12.732925
29.143417
62.400002
-1.032928
36.043419
62.400002
-1.032928
36.043419
62.400002
-7.932930
29.443413
51.000000
-20.832932
28.843414
51.000000
-20.832932
28.543419
51.000000
-19.632927
29.443413
51.000000
-13.032928
28.543419
51.000000
-19.632927
27.043419
51.000000
-19.632927
24.943413
51.000000
-18.132927
24.043419
51.000000
-16.632927
24.043419
51.000000
-16.632927
21.643417
51.000000
-16.632927
21.643417
51.000000
-13.032928
24.043419
51.000000
-16.632927
21.643417
51.000000
-13.032928
29.443413
51.000000
-13.032928
28.543419
51.000000
-19.632927
-0.856583
51.000000
-16.632927
-2.656586
51.000000
-18.732933
-5.056587
51.000000
-19.632927
-5.056587
51.000000
-13.032928
1.543411
51.000000
-13.032928
10.243416
51.000000
-16.632927
-0.856583
51.000000
-16.632927
1.543411
51.000000
-13.032928
8.143417
51.000000
-13.032928
8.143417
51.000000
-13.032928
14.743416
51.000000
-13.032928
10.243416
51.000000
-16.632927
14.743416
51.000000
-13.032928
21.643417
51.000000
-13.032928
21.643417
51.000000
-16.632927
10.243416
51.000000
-16.632927
17.443413
62.400002
-19.032928
16.843414
62.400002
-19.032928
16.243416
62.400002
-18.132927
15.943413
62.400002
-16.632927
15.943413
62.400002
-16.632927
13.543411
62.400002
-16.632927
13.543411
62.400002
-1.032928
22.543411
62.400002
-16.632927
21.943413
62.400002
-17.532928
17.443413
62.400002
-19.032928
15.943413
62.400002
-16.632927
13.543411
62.400002
-1.032928
22.543411
62.400002
-1.032928
9.343414
62.400002
-1.032928
13.543411
62.400002
-1.032928
13.543411
62.400002
-16.632927
9.343414
62.400002
-16.632927
-6.556587
62.400002
-13.032928
-6.556587
62.400002
-15.432930
-13.156586
62.400002
-15.432930
-13.156586
62.400002
-8.232925
-4.756584
62.400002
-1.032928
-5.056587
62.400002
-13.332932
-5.356583
62.400002
-12.732925
-5.356583
62.400002
-12.732925
-6.556587
62.400002
-13.032928
-13.156586
62.400002
-8.232925
-13.156586
62.400002
-1.032928
-4.756584
62.400002
-1.032928
0
3
0
1
3
4
1
2
7
6
3
4
13
6
7
4
19
3
11
1
22
3
12
1
25
4
13
2
29
3
15
1
32
5
16
3
37
6
19
4
43
4
23
2
47
4
25
2
51
4
27
2
55
4
29
2
59
3
31
1
62
3
32
1
65
5
33
3
70
5
36
3
75
4
39
2
79
3
41
1
82
4
42
2
86
4
44
2
90
3
46
1
93
4
47
2
97
4
49
2
101
4
51
2
105
3
53
1
108
4
54
2
112
4
56
2
116
4
58
2
120
4
60
2
124
4
62
2
128
4
64
2
132
4
66
2
136
3
68
1
139
4
69
2
143
4
71
2
147
4
73
2
151
4
75
2
155
4
77
2
159
4
79
2
163
3
81
1
166
4
82
2
170
6
84
4
176
4
88
2
180
6
90
4
186
5
94
3
191
5
97
3
196
5
100
3
201
4
103
2
205
4
105
2
209
4
107
2
213
4
109
2
217
4
111
2
221
4
113
2
225
4
115
2
229
3
117
1
232
6
118
4
238
3
122
1
241
3
123
1
244
4
124
2
248
5
126
3
253
3
129
1
256
5
130
3
261
5
133
3
266
6
136
4
272
3
140
1
275
3
141
1
278
6
142
4
284
3
146
1
287
3
147
1
290
4
148
2
294
4
150
2
298
4
152
2
302
6
154
4
308
3
158
1
311
4
159
2
315
6
161
4
321
4
165
2
325
5
167
3
330
4
170
2
334
4
172
2
338
4
174
2
342
6
176
4
348
3
180
1
351
4
181
2
355
3
183
1
358
4
184
2
362
3
186
1
365
3
187
1
368
6
188
4
374
4
192
2
378
3
194
1
381
6
195
4
387
3
199
1
390
4
200
2
394
3
202
1
397
6
203
4
403
3
207
1
406
5
208
3
411
3
211
1
414
5
212
3
419
3
215
1
422
5
216
3
427
4
219
2
431
4
221
2
435
4
223
2
439
6
225
4
445
3
229
1
448
3
230
1
451
4
231
2
455
4
233
2
459
3
235
1
462
4
236
2
466
5
238
3
471
4
241
2
475
3
243
1
478
4
244
2
482
4
246
2
486
3
248
1
489
6
249
4
495
4
253
2
499
4
255
2
503
3
257
1
506
5
258
3
257
125
261
6
0.300000
0.200000
0
1.300000
-73.456589
0.000000
-113.232933
98.016403
100.806068
59.184532
265
311
271
267
311
268
268
311
263
274
311
263
273
311
210
238
311
210
203
311
210
223
311
236
243
311
262
248
311
264
248
311
268
255
311
275
256
311
279
262
311
275
263
311
271
298
311
263
299
311
268
300
311
269
319
311
252
337
311
234
339
311
234
354
311
218
354
311
210
333
311
210
313
311
210
359
311
217
360
311
221
342
311
243
324
311
264
340
311
275
342
311
279
343
311
279
344
311
250
348
311
251
348
311
257
365
311
256
365
311
233
365
311
210
191
254
281
218
254
281
223
254
278
223
254
251
191
254
251
317
254
263
317
254
251
294
254
251
272
254
251
250
254
251
228
254
251
228
254
273
233
254
272
235
254
268
241
254
266
242
254
263
279
254
263
325
254
263
328
254
268
335
254
273
340
254
273
341
254
277
343
254
277
343
254
251
348
254
251
348
254
272
349
254
292
348
254
313
348
254
334
362
254
334
362
254
313
362
254
292
362
254
271
362
254
251
348
311
292
348
311
328
365
311
329
365
311
292
267
311
272
268
311
279
248
311
292
262
311
302
263
311
300
261
311
298
261
311
287
275
311
278
292
311
278
303
311
285
304
311
283
299
311
279
323
254
307
321
254
304
316
254
304
314
254
302
314
254
298
318
254
296
318
254
289
314
254
287
314
254
283
320
254
281
322
254
272
319
254
269
301
254
269
302
254
274
300
254
276
295
254
276
293
254
274
294
254
269
275
254
268
273
254
269
273
254
277
266
254
278
266
254
269
248
254
269
244
254
274
241
254
284
244
254
285
246
254
281
251
254
281
253
254
283
251
254
289
246
254
289
244
254
287
244
254
298
246
254
296
251
254
296
253
254
302
251
254
304
246
254
304
244
254
300
232
254
301
231
254
285
236
254
283
231
254
281
228
254
282
228
254
303
239
254
304
247
254
310
248
254
316
266
254
316
266
254
309
272
254
309
273
254
316
275
254
317
294
254
316
293
254
311
295
254
309
300
254
309
302
254
311
301
254
316
319
254
316
323
254
313
303
311
314
318
311
319
322
311
314
338
311
303
341
311
303
342
311
306
343
311
306
341
311
282
338
311
282
320
311
269
311
311
280
324
311
288
327
311
291
327
311
294
305
311
309
305
311
313
322
254
282
322
254
288
322
254
297
326
254
304
331
254
304
334
254
307
335
254
303
343
254
301
343
254
284
335
254
282
334
254
278
325
254
272
191
254
303
218
254
303
219
254
301
223
254
301
223
254
284
219
254
284
305
311
287
305
311
298
293
311
306
273
311
306
268
311
306
267
311
313
265
311
314
267
311
317
299
311
317
301
311
314
299
311
312
299
311
306
318
311
293
228
311
333
229
311
374
252
311
374
276
311
374
276
311
322
268
311
322
262
311
313
262
311
310
259
311
307
241
311
296
240
311
291
228
311
292
228
311
303
248
311
317
248
311
321
244
311
322
228
311
311
201
311
326
223
311
326
223
311
292
218
311
292
201
311
294
191
254
334
223
254
334
223
254
307
219
254
306
320
311
322
320
311
374
342
311
374
365
311
374
365
311
351
348
311
334
344
311
335
340
311
310
332
311
314
323
311
322
317
254
322
317
254
334
343
254
334
343
254
308
341
254
308
340
254
312
335
254
312
328
254
317
325
254
322
279
254
322
242
254
322
236
254
315
228
254
312
228
254
334
250
254
334
272
254
334
294
254
334
298
311
322
290
311
322
290
311
374
201
311
350
201
311
374
227
311
335
223
311
334
14
0
1
65535
65535
65535
65535
34
3
65535
65535
65535
11
12
13
14
65535
65535
65535
65535
65535
3
65535
65535
8
2
3
4
5
7
4
65535
9
65535
5
65535
14
1
2
9
10
11
0
65535
4
65535
65535
1
8
9
2
65535
65535
65535
65535
3
2
65535
65535
65535
5
6
7
65535
65535
65535
65535
65535
2
65535
65535
65535
15
16
17
18
65535
65535
65535
38
65535
9
65535
65535
21
22
23
65535
65535
65535
11
65535
8
65535
65535
65535
19
20
21
23
24
65535
65535
65535
7
65535
9
65535
18
19
24
4
3
15
65535
8
65535
2
65535
6
29
30
31
32
65535
65535
65535
68
65535
12
65535
65535
22
21
25
37
65535
65535
7
65535
13
65535
65535
65535
28
29
32
27
65535
65535
65535
10
14
65535
65535
65535
37
25
26
36
65535
65535
11
65535
16
65535
65535
65535
32
33
27
65535
65535
65535
65535
16
12
65535
65535
65535
33
34
35
65535
65535
65535
65535
32
16
65535
65535
65535
33
35
36
26
27
65535
15
65535
13
65535
14
65535
39
40
41
42
38
65535
65535
65535
65535
65535
83
65535
49
50
51
48
65535
65535
65535
65535
21
65535
65535
65535
51
52
53
65535
65535
65535
65535
65535
21
65535
65535
65535
47
53
54
46
65535
65535
21
65535
22
65535
65535
65535
48
51
53
47
65535
65535
18
19
20
65535
65535
65535
54
45
46
65535
65535
65535
23
65535
20
65535
65535
65535
43
44
45
54
65535
65535
26
65535
22
65535
65535
65535
58
59
60
61
65535
65535
65535
65535
65535
27
65535
65535
56
57
58
55
65535
65535
65535
65535
27
65535
65535
65535
44
43
55
65535
65535
65535
23
65535
27
65535
65535
65535
61
44
55
58
65535
65535
65535
26
25
24
65535
65535
70
71
62
63
65535
65535
65535
65535
65535
30
65535
65535
65
66
67
68
65535
65535
65535
65535
65535
31
65535
65535
69
70
63
64
65535
65535
65535
28
65535
31
65535
65535
68
69
64
65
65535
65535
65535
30
65535
29
65535
65535
75
35
34
72
65535
65535
65535
15
65535
33
65535
65535
73
74
75
72
65535
65535
105
65535
32
65535
65535
65535
1
0
76
65535
65535
65535
0
65535
39
65535
65535
65535
79
80
81
78
65535
65535
87
65535
41
65535
65535
65535
85
86
87
84
65535
65535
85
65535
38
65535
65535
65535
77
78
82
83
65535
65535
65535
41
65535
39
65535
65535
87
17
16
84
65535
65535
65535
6
40
36
65535
65535
1
76
77
83
65535
65535
34
65535
37
40
65535
65535
83
84
16
1
65535
65535
65535
38
65535
39
65535
65535
78
81
82
65535
65535
65535
35
65535
37
65535
65535
65535
129
130
131
132
65535
65535
65535
65535
65535
52
65535
65535
124
138
139
108
109
117
65
65535
45
65535
63
60
113
114
115
112
65535
65535
65535
65535
55
65535
65535
65535
92
95
103
108
139
144
53
54
48
43
47
50
88
89
90
148
149
65535
76
65535
64
65535
65535
65535
139
140
141
143
144
65535
65535
65535
59
65535
45
65535
106
107
108
103
104
65535
65535
65535
45
65535
62
65535
119
120
121
122
65535
65535
65535
65535
65535
51
65535
65535
145
91
92
144
65535
65535
66
65535
45
65535
65535
65535
118
119
122
123
65535
65535
65535
49
65535
60
65535
65535
129
132
133
128
65535
65535
42
65535
61
65535
65535
65535
92
93
94
95
65535
65535
65535
78
65535
45
65535
65535
95
96
102
103
65535
65535
65535
67
65535
45
65535
65535
112
115
116
111
65535
65535
44
65535
63
65535
65535
65535
126
134
135
65535
65535
65535
61
65535
58
65535
65535
65535
97
98
99
100
101
96
81
65535
65535
65535
67
65535
125
126
135
65535
65535
65535
65535
56
65
65535
65535
65535
141
142
143
65535
65535
65535
65535
65535
47
65535
65535
65535
117
118
123
124
65535
65535
65535
51
65535
43
65535
65535
134
126
127
128
133
65535
56
65535
65535
52
65535
65535
104
105
106
65535
65535
65535
65535
65535
48
65535
65535
65535
111
116
117
109
110
65535
55
65535
43
65535
65535
65535
148
90
91
146
147
65535
46
65535
66
65535
65535
65535
135
136
137
138
124
125
65535
65535
65535
43
65535
58
145
146
91
65535
65535
65535
65535
64
50
65535
65535
65535
96
101
102
65535
65535
65535
57
65535
54
65535
65535
65535
157
154
155
156
31
30
74
65535
104
65535
10
65535
158
161
162
65535
65535
65535
73
65535
74
65535
65535
65535
165
150
151
65535
65535
65535
65535
120
71
65535
65535
65535
164
165
151
152
65535
65535
65535
70
65535
72
65535
65535
163
164
152
153
65535
65535
65535
71
65535
74
65535
65535
159
160
161
158
65535
65535
65535
65535
69
65535
65535
65535
163
153
154
157
158
162
72
65535
68
65535
69
65535
170
171
172
65535
65535
65535
65535
65535
80
65535
65535
65535
89
88
169
168
65535
65535
46
65535
80
65535
65535
65535
167
168
172
173
174
175
78
80
65535
65535
65535
79
167
94
93
168
65535
65535
65535
53
65535
77
65535
65535
176
177
166
167
175
65535
65535
81
65535
77
65535
65535
169
170
172
168
65535
65535
65535
75
77
76
65535
65535
98
97
166
177
65535
65535
57
65535
79
65535
65535
65535
180
181
182
183
65535
65535
65535
65535
65535
83
65535
65535
179
180
183
39
38
178
65535
82
65535
17
65535
102
189
190
191
65535
65535
65535
65535
93
90
65535
65535
65535
86
85
184
196
65535
65535
36
65535
92
65535
65535
65535
192
193
194
65535
65535
65535
118
65535
90
65535
65535
65535
80
79
188
187
65535
65535
35
65535
89
65535
65535
65535
194
195
186
65535
65535
65535
65535
91
90
65535
65535
65535
187
188
189
65535
65535
65535
87
65535
90
65535
65535
65535
186
187
189
191
192
194
65535
89
84
65535
86
88
195
196
185
186
65535
65535
65535
92
65535
88
65535
65535
196
184
185
65535
65535
65535
85
65535
91
65535
65535
65535
191
190
203
210
211
202
84
65535
97
65535
95
65535
203
204
205
65535
65535
65535
65535
65535
97
65535
65535
65535
211
212
197
202
65535
65535
65535
98
99
93
65535
65535
206
207
208
65535
65535
65535
65535
65535
97
65535
65535
65535
206
208
209
210
203
205
96
65535
65535
93
94
65535
212
213
197
65535
65535
65535
65535
65535
95
65535
65535
65535
201
202
197
199
200
65535
65535
95
100
65535
121
65535
197
198
199
65535
65535
65535
123
65535
99
65535
65535
65535
216
217
218
214
215
65535
65535
65535
65535
122
65535
65535
222
179
178
65535
65535
65535
65535
83
103
65535
65535
65535
220
221
222
178
219
65535
65535
65535
102
65535
65535
65535
156
155
230
229
65535
65535
68
65535
106
65535
65535
65535
74
73
228
227
65535
65535
33
65535
108
65535
65535
65535
230
231
232
229
65535
65535
65535
65535
107
104
65535
65535
229
232
223
224
225
227
106
65535
120
65535
109
108
227
228
229
65535
65535
65535
105
65535
107
65535
65535
65535
225
226
227
65535
65535
65535
65535
65535
107
65535
65535
65535
236
237
238
235
65535
65535
65535
65535
113
65535
65535
65535
238
239
240
241
65535
65535
65535
65535
65535
113
65535
65535
241
233
234
65535
65535
65535
65535
117
113
65535
65535
65535
241
234
235
238
65535
65535
112
65535
110
111
65535
65535
243
244
245
246
247
65535
65535
65535
65535
65535
115
65535
242
243
247
248
65535
65535
65535
114
65535
116
65535
65535
248
249
242
65535
65535
65535
65535
117
115
65535
65535
65535
249
234
233
242
65535
65535
65535
112
65535
116
65535
65535
150
193
192
250
65535
65535
65535
86
65535
120
65535
65535
250
251
252
65535
65535
65535
65535
121
120
65535
65535
65535
223
151
150
250
252
224
65535
70
118
119
65535
107
200
252
251
201
65535
65535
65535
119
65535
99
65535
65535
256
215
214
253
65535
65535
65535
101
65535
124
65535
65535
198
197
255
65535
65535
65535
100
65535
124
65535
65535
65535
255
256
253
254
198
65535
65535
122
65535
65535
123
65535
65535
65535
65535
65535
65535
65535
65535
65535
65535
65535
65535
65535
65535
65535
65535
65535
65535
65535
65535
65535
65535
65535
65535
65535
65535
65535
65535
65535
65535
65535
65535
65535
65535
65535
65535
65535
65535
65535
65535
65535
65535
65535
65535
65535
65535
65535
65535
65535
65535
65535
65535
65535
65535
65535
65535
65535
65535
65535
65535
65535
65535
65535
65535
65535
65535
65535
65535
65535
65535
65535
65535
65535
65535
65535
65535
65535
65535
65535
65535
65535
65535
65535
65535
65535
65535
65535
65535
65535
65535
65535
65535
65535
65535
65535
65535
65535
65535
65535
65535
65535
65535
65535
65535
65535
65535
65535
65535
65535
65535
65535
65535
65535
65535
65535
65535
65535
65535
65535
65535
65535
65535
65535
65535
65535
65535
65535
65535
65535
65535
65535
65535
65535
65535
65535
65535
65535
65535
65535
65535
65535
65535
65535
65535
65535
65535
65535
65535
65535
65535
65535
65535
65535
65535
65535
65535
65535
65535
65535
65535
65535
65535
65535
65535
65535
65535
65535
65535
65535
65535
65535
65535
65535
65535
65535
65535
65535
65535
65535
65535
65535
65535
65535
65535
65535
65535
65535
65535
65535
65535
65535
65535
65535
65535
65535
65535
65535
65535
65535
65535
65535
65535
65535
65535
65535
65535
65535
65535
65535
65535
65535
65535
65535
65535
65535
65535
65535
65535
65535
65535
65535
65535
65535
65535
65535
65535
65535
65535
65535
65535
65535
65535
65535
65535
65535
65535
65535
65535
65535
65535
65535
65535
65535
65535
65535
65535
65535
65535
65535
65535
65535
65535
65535
65535
65535
65535
65535
65535
65535
65535
65535
65535
65535
65535
65535
65535
65535
65535
65535
65535
65535
65535
65535
65535
65535
65535
65535
65535
65535
65535
65535
65535
65535
65535
65535
65535
65535
65535
65535
65535
65535
65535
65535
65535
65535
65535
65535
65535
65535
65535
65535
65535
65535
65535
65535
65535
65535
65535
65535
65535
65535
65535
65535
65535
65535
65535
65535
65535
65535
65535
65535
65535
65535
65535
65535
65535
65535
65535
65535
65535
65535
65535
65535
65535
65535
65535
65535
65535
65535
65535
65535
65535
65535
65535
65535
65535
65535
65535
65535
65535
65535
65535
65535
65535
65535
65535
65535
65535
65535
65535
65535
65535
65535
65535
65535
65535
65535
65535
65535
65535
65535
65535
65535
65535
65535
65535
65535
65535
65535
65535
65535
65535
65535
65535
65535
65535
65535
65535
65535
65535
65535
65535
65535
65535
65535
65535
65535
65535
65535
65535
65535
65535
65535
65535
65535
65535
65535
65535
65535
65535
65535
65535
65535
65535
65535
65535
65535
65535
65535
65535
65535
65535
65535
65535
65535
65535
65535
65535
65535
65535
65535
65535
65535
65535
65535
65535
65535
65535
65535
65535
65535
65535
65535
65535
65535
65535
65535
65535
65535
65535
65535
65535
65535
65535
65535
65535
65535
65535
65535
65535
65535
65535
65535
65535
65535
65535
65535
65535
65535
65535
65535
65535
65535
65535
65535
65535
65535
65535
65535
65535
65535
65535
65535
65535
65535
65535
65535
65535
65535
65535
65535
65535
65535
65535
65535
65535
65535
65535
65535
65535
65535
65535
65535
65535
65535
65535
65535
65535
65535
65535
65535
65535
65535
65535
65535
65535
65535
65535
65535
65535
65535
65535
65535
65535
65535
65535
65535
65535
65535
65535
65535
65535
65535
65535
65535
65535
65535
65535
65535
65535
65535
65535
65535
65535
65535
65535
65535
65535
65535
65535
65535
65535
65535
65535
65535
65535
65535
65535
65535
65535
65535
65535
65535
65535
65535
65535
65535
65535
65535
65535
65535
65535
65535
65535
65535
65535
65535
65535
65535
65535
65535
65535
65535
65535
65535
65535
65535
65535
65535
65535
65535
65535
65535
65535
65535
65535
65535
65535
65535
65535
65535
65535
65535
65535
65535
65535
65535
65535
65535
65535
65535
65535
65535
65535
65535
65535
65535
65535
65535
65535
65535
65535
65535
65535
65535
65535
65535
65535
65535
65535
65535
65535
65535
65535
65535
65535
65535
65535
65535
65535
65535
65535
65535
65535
65535
65535
65535
65535
65535
65535
65535
65535
65535
65535
65535
65535
65535
65535
65535
65535
65535
65535
65535
65535
65535
65535
65535
65535
65535
65535
65535
65535
65535
65535
65535
65535
65535
65535
65535
65535
65535
65535
65535
65535
65535
65535
65535
65535
65535
65535
65535
65535
65535
65535
65535
65535
65535
65535
65535
65535
65535
65535
65535
65535
65535
65535
65535
65535
65535
65535
65535
65535
65535
65535
65535
65535
65535
65535
65535
65535
65535
65535
65535
65535
65535
65535
65535
65535
65535
65535
65535
65535
65535
65535
65535
65535
65535
65535
65535
65535
65535
65535
65535
65535
65535
65535
65535
65535
65535
65535
65535
65535
65535
65535
65535
65535
65535
65535
65535
65535
65535
65535
65535
65535
65535
65535
65535
65535
65535
65535
65535
65535
65535
65535
65535
65535
65535
65535
65535
65535
65535
65535
65535
65535
65535
65535
65535
65535
65535
65535
65535
65535
65535
65535
65535
65535
65535
65535
65535
65535
65535
65535
65535
65535
65535
65535
65535
65535
65535
65535
65535
65535
65535
65535
65535
65535
65535
65535
65535
65535
65535
65535
65535
65535
65535
65535
65535
65535
65535
65535
65535
65535
65535
65535
65535
65535
65535
65535
65535
65535
65535
65535
65535
65535
65535
65535
65535
65535
65535
65535
65535
65535
65535
65535
65535
65535
65535
65535
65535
65535
65535
65535
65535
65535
65535
65535
65535
65535
65535
65535
65535
65535
65535
65535
65535
65535
65535
65535
65535
65535
65535
65535
65535
65535
65535
65535
65535
65535
65535
65535
65535
65535
65535
65535
65535
65535
65535
65535
65535
65535
65535
65535
65535
65535
65535
65535
65535
65535
65535
65535
65535
65535
65535
65535
65535
65535
65535
65535
65535
65535
65535
65535
65535
65535
65535
65535
65535
65535
65535
65535
65535
65535
65535
65535
65535
65535
65535
65535
65535
65535
65535
65535
65535
65535
65535
65535
65535
65535
65535
65535
65535
65535
65535
65535
65535
65535
65535
65535
65535
65535
65535
65535
65535
65535
65535
65535
65535
65535
65535
65535
65535
65535
65535
65535
65535
65535
65535
65535
65535
65535
65535
65535
65535
65535
65535
65535
65535
65535
65535
65535
65535
65535
65535
65535
65535
65535
65535
65535
65535
65535
65535
65535
65535
65535
65535
65535
65535
65535
65535
65535
65535
65535
65535
65535
65535
65535
65535
65535
65535
65535
65535
65535
65535
65535
65535
65535
65535
65535
65535
65535
65535
65535
65535
65535
65535
65535
65535
65535
65535
65535
65535
65535
65535
65535
65535
65535
65535
65535
65535
65535
65535
65535
65535
65535
65535
65535
65535
65535
65535
65535
65535
65535
65535
65535
65535
65535
65535
65535
65535
65535
65535
65535
65535
65535
65535
65535
65535
65535
65535
65535
65535
65535
65535
65535
65535
65535
65535
65535
65535
65535
65535
65535
65535
65535
65535
65535
65535
65535
65535
65535
65535
65535
65535
65535
65535
65535
65535
65535
65535
65535
65535
65535
65535
65535
65535
65535
65535
65535
65535
65535
65535
65535
65535
65535
65535
65535
65535
65535
65535
65535
65535
65535
65535
65535
65535
65535
65535
65535
65535
65535
65535
65535
65535
65535
65535
65535
65535
65535
65535
65535
65535
65535
65535
65535
65535
65535
65535
65535
65535
65535
65535
65535
65535
65535
65535
65535
65535
65535
65535
65535
65535
65535
65535
65535
65535
65535
65535
65535
65535
65535
65535
65535
65535
65535
65535
65535
65535
65535
65535
65535
65535
65535
65535
65535
65535
65535
65535
65535
65535
65535
65535
65535
65535
65535
65535
65535
65535
65535
65535
65535
65535
65535
65535
65535
65535
65535
65535
65535
65535
65535
65535
65535
65535
65535
65535
65535
65535
65535
65535
65535
65535
65535
65535
65535
65535
65535
65535
65535
65535
65535
65535
65535
65535
65535
65535
65535
65535
65535
65535
65535
65535
65535
65535
65535
65535
65535
65535
65535
65535
65535
65535
65535
65535
65535
65535
65535
65535
65535
65535
65535
65535
65535
65535
65535
65535
65535
65535
65535
65535
65535
65535
65535
65535
65535
65535
65535
65535
65535
65535
65535
65535
65535
65535
65535
65535
65535
65535
65535
65535
65535
65535
65535
65535
65535
65535
65535
65535
65535
65535
65535
65535
65535
65535
65535
65535
65535
65535
65535
65535
65535
65535
65535
65535
65535
65535
65535
65535
65535
65535
65535
65535
65535
65535
65535
65535
65535
65535
65535
65535
65535
65535
65535
65535
65535
65535
65535
65535
65535
65535
65535
65535
65535
65535
65535
65535
65535
65535
65535
65535
65535
65535
65535
65535
65535
65535
65535
65535
65535
65535
65535
65535
65535
65535
65535
65535
65535
65535
65535
65535
65535
65535
65535
65535
65535
65535
65535
65535
65535
65535
65535
65535
65535
65535
65535
65535
65535
65535
65535
65535
65535
65535
65535
65535
65535
65535
65535
65535
65535
65535
65535
65535
65535
65535
65535
65535
65535
65535
65535
65535
65535
65535
65535
65535
65535
65535
65535
65535
65535
65535
65535
65535
65535
65535
65535
65535
65535
65535
65535
65535
65535
65535
65535
65535
65535
65535
65535
65535
65535
65535
65535
65535
65535
65535
65535
65535
65535
65535
65535
65535
65535
65535
65535
65535
65535
65535
65535
65535
65535
65535
65535
65535
65535
65535
65535
65535
65535
65535
65535
65535
65535
65535
65535
65535
65535
65535
65535
65535
65535
65535
65535
65535
65535
65535
65535
65535
65535
65535
65535
65535
65535
65535
65535
65535
65535
65535
65535
65535
65535
65535
65535
65535
65535
65535
65535
65535
65535
65535
65535
65535
65535
65535
65535
65535
65535
65535
65535
65535
65535
65535
65535
65535
65535
65535
65535
65535
65535
65535
65535
65535
65535
65535
65535
65535
65535
65535
65535
65535
65535
65535
65535
65535
65535
65535
65535
65535
65535
65535
65535
65535
65535
65535
65535
65535
65535
65535
65535
65535
65535
65535
65535
65535
65535
65535
65535
65535
65535
65535
65535
65535
65535
65535
65535
65535
65535
65535
65535
65535
65535
65535
65535
65535
65535
65535
65535
65535
65535
65535
65535
65535
65535
65535
65535
65535
65535
65535
65535
65535
65535
65535
65535
65535
65535
65535
65535
65535
65535
65535
65535
65535
65535
65535
65535
65535
65535
65535
65535
65535
65535
65535
65535
65535
65535
65535
1
1
63
1
1
63
1
1
63
1
1
63
1
1
63
1
1
63
4
1
63
4
1
63
4
1
63
4
1
63
13
1
63
13
1
63
13
1
63
13
1
63
13
1
63
13
1
63
13
1
63
9
1
63
19
1
63
19
1
63
19
1
63
19
1
63
19
1
63
19
1
63
15
1
63
15
1
63
15
1
63
15
1
63
21
1
63
21
1
63
21
1
63
21
1
63
17
1
63
17
1
63
22
1
63
22
1
63
22
1
63
22
1
63
22
1
63
22
1
63
22
1
63
22
1
63
7
1
63
7
1
63
7
1
63
7
1
63
7
1
63
7
1
63
7
1
63
7
1
63
7
1
63
7
1
63
7
1
63
7
1
63
7
1
63
7
1
63
7
1
63
7
1
63
7
1
63
7
1
63
7
1
63
7
1
63
7
1
63
7
1
63
7
1
63
7
1
63
7
1
63
7
1
63
18
1
63
18
1
63
18
1
63
18
1
63
18
1
63
18
1
63
18
1
63
12
1
63
12
1
63
12
1
63
12
1
63
12
1
63
12
1
63
12
1
63
10
1
63
10
1
63
23
1
63
23
1
63
23
1
63
23
1
63
23
1
63
23
1
63
23
1
63
23
1
63
23
1
63
2
1
63
2
1
63
2
1
63
2
1
63
2
1
63
2
1
63
2
1
63
2
1
63
14
1
63
11
1
63
11
1
63
5
1
63
5
1
63
5
1
63
5
1
63
5
1
63
5
1
63
16
1
63
16
1
63
16
1
63
16
1
63
20
1
63
20
1
63
20
1
63
20
1
63
3
1
63
3
1
63
3
1
63
6
1
63
8
1
63
8
1
63
8
1
63
0
0
0
0
0
0
0
0
0
0
0
0
0
0
0
0
0
0
0
0
0
0
35768
0
0
17570
0
0
256
0
0
36864
0
0
265
0
0
0
0
0
311
0
0
0
0
0
271
0
0
0
0
0
0
0
0
2
0
0
267
0
0
0
0
0
311
0
0
0
0
0
272
0
0
0
0
0
0
0
0
2
0
0
268
0
0
0
0
0
311
0
0
0
0
0
279
0
0
0
0
0
0
0
0
2
0
0
248
0
0
0
0
0
311
0
0
0
0
0
292
0
0
0
0
0
0
0
0
2
0
0
262
0
0
0
0
0
311
0
0
0
0
0
302
0
0
0
0
0
23
0
0
0
0
0
263
0
0
0
0
0
311
0
0
0
0
0
300
0
0
0
0
0
0
0
0
2
0
0
261
0
0
0
0
0
311
0
0
0
0
0
298
0
0
0
0
0
0
0
0
2
0
0
261
0
0
0
0
0
311
0
0
0
0
0
287
0
0
0
0
0
0
0
0
2
0
0
275
0
0
0
0
0
311
0
0
0
0
0
278
0
0
0
0
0
0
0
0
2
0
0
292
0
0
0
0
0
311
0
0
0
0
0
278
0
0
0
0
0
0
0
0
2
0
0
303
0
0
0
0
0
311
0
0
0
0
0
285
0
0
0
0
0
23
0
0
0
0
0
304
0
0
0
0
0
311
0
0
0
0
0
283
0
0
0
0
0
0
0
0
2
0
0
299
0
0
0
0
0
311
0
0
0
0
0
279
0
0
0
0
0
0
0
0
2
0
0
300
0
0
0
0
0
311
0
0
0
0
0
269
0
0
0
0
0
4
0
0
0
0
0
299
0
0
0
0
0
311
0
0
0
0
0
268
0
0
0
0
0
0
0
0
2
0
0
267
0
0
0
0
0
311
0
0
0
0
0
268
0
