57
111
27
3
0
2
17
0
1
2
5
2
0
1
21
4
0
3
17
0
2
3
4
0
1
2
5
5
0
4
17
0
1
4
1
1
3
4
4
1
2
3
5
2
0
1
21
2
0
1
21
5
0
4
17
0
3
4
4
0
2
3
4
0
1
2
5
4
0
3
17
0
2
3
4
0
1
2
5
3
0
2
17
0
1
2
5
3
0
2
17
0
1
2
5
3
0
2
17
0
1
2
5
3
0
2
17
0
1
2
5
3
0
2
17
0
1
2
5
2
0
1
21
3
0
2
17
0
1
2
5
3
0
2
17
0
1
2
5
3
0
2
17
0
1
2
5
3
0
2
17
0
1
2
5
5
0
4
17
0
1
4
1
1
2
4
1
2
3
4
5
3
0
2
17
0
1
2
5
2
0
1
21
5
0
4
17
0
3
4
4
0
1
3
1
1
2
3
5
2
0
1
21
2
0
1
21
3
0
2
17
0
1
2
5
3
0
2
17
0
1
2
5
3
0
2
17
0
1
2
5
-8.945068
0.310603
-0.412136
-7.745117
0.310603
-0.412136
-7.445068
0.310603
-1.612136
-8.945068
0.310603
-8.212136
0.955078
0.310603
7.387865
1.254883
0.310603
8.887865
9.054932
0.310603
8.287865
7.854980
0.310603
-8.812137
1.554932
0.310603
-8.812137
0.955078
0.310603
-7.012136
9.054932
0.310603
-0.112136
9.054932
0.310603
-8.212136
-8.044922
0.310603
-8.812137
-8.945068
0.310603
-8.212136
-7.445068
0.310603
-1.612136
-5.645020
0.310603
-1.612136
-0.544922
0.310603
-7.012136
-1.145020
0.310603
-8.812137
0.955078
0.310603
-7.012136
-0.544922
0.310603
-7.012136
-5.645020
0.310603
-1.612136
-5.344971
0.310603
0.187864
-0.544922
0.310603
7.387865
0.955078
0.310603
7.387865
0.955078
0.310603
-7.012136
-5.645020
0.310603
-1.612136
-5.344971
0.310603
0.187864
0.955078
0.310603
7.387865
9.054932
0.310603
8.287865
9.054932
0.310603
-0.112136
-8.044922
6.710602
1.087864
-6.544922
6.710602
0.187864
-6.544922
6.710602
-0.712136
-8.044922
6.710602
-1.612136
-8.945068
6.710602
-0.112136
-8.945068
6.710602
8.287865
-8.344971
6.710602
8.587864
-8.044922
6.710602
1.087864
-8.945068
6.710602
-0.112136
-8.044922
6.710602
-1.612136
-8.044922
6.710602
-8.512136
-8.945068
6.710602
-8.212136
-8.945068
6.710602
-0.112136
8.155029
6.710602
-1.612136
6.354980
6.710602
-0.412136
8.155029
6.710602
1.087864
9.054932
6.710602
-0.112136
9.054932
6.710602
-8.212136
8.455078
6.710602
-8.512136
8.155029
6.710602
-1.612136
9.054932
6.710602
-0.112136
8.155029
6.710602
1.087864
8.155029
6.710602
8.587864
9.054932
6.710602
8.287865
9.054932
6.710602
-0.112136
2.455078
12.910603
-1.312136
2.455078
12.910603
-0.112136
5.155029
12.910603
-0.112136
-5.344971
12.910603
-0.412136
-2.344971
12.910603
-0.112136
-1.745117
12.910603
-2.212136
-5.344971
12.910603
-6.712136
1.254883
12.910603
-2.512136
2.455078
12.910603
-1.312136
5.155029
12.910603
-0.112136
5.155029
12.910603
-6.712136
-5.344971
12.910603
-6.712136
-1.745117
12.910603
-2.212136
1.254883
12.910603
-2.512136
5.155029
12.910603
-6.712136
10.554932
0.310603
-2.812136
10.554932
0.310603
0.487864
11.455078
0.310603
0.487864
11.455078
0.310603
-2.812136
11.754883
0.310603
-3.412136
11.455078
0.310603
-2.812136
11.455078
0.310603
0.487864
11.754883
0.310603
1.387864
16.554932
0.310603
1.387864
16.554932
0.310603
-3.412136
-7.445068
0.310603
0.787864
-7.745117
0.310603
-0.412136
-8.945068
0.310603
-0.412136
-8.945068
0.310603
8.287865
-7.745117
0.310603
8.887865
-1.145020
0.310603
8.887865
-1.145020
0.310603
7.687864
-7.745117
0.310603
8.887865
-1.145020
0.310603
7.687864
-0.544922
0.310603
7.387865
-5.645020
0.310603
0.787864
-7.445068
0.310603
0.787864
-8.945068
0.310603
8.287865
-0.544922
0.310603
7.387865
-5.344971
0.310603
0.187864
-5.645020
0.310603
0.787864
5.155029
12.910603
-0.112136
2.455078
12.910603
-0.112136
2.155029
12.910603
1.387864
-1.145020
12.910603
2.287864
-2.344971
12.910603
0.787864
-5.344971
12.910603
1.087864
-5.344971
12.910603
6.787865
5.155029
12.910603
-0.112136
2.155029
12.910603
1.387864
0.955078
12.910603
2.287864
5.155029
12.910603
6.787865
0.955078
12.910603
2.287864
-1.145020
12.910603
2.287864
-5.344971
12.910603
6.787865
5.155029
12.910603
6.787865
0
4
0
2
4
3
2
1
7
5
3
3
12
6
6
4
18
3
10
1
21
3
11
1
24
6
12
4
30
5
16
3
35
4
19
2
39
4
21
2
43
4
23
2
47
4
25
2
51
4
27
2
55
3
29
1
58
4
30
2
62
4
32
2
66
4
34
2
70
4
36
2
74
6
38
4
80
4
42
2
84
3
44
1
87
6
45
4
93
3
49
1
96
3
50
1
99
4
51
2
103
4
53
2
107
4
55
2
65
27
57
6
0.300000
0.200000
0
1.300000
-2073.245117
-0.089397
-10.012136
27.824951
15.384337
54.399822
6881
1
32
6885
1
32
6886
1
28
6892
1
28
6893
1
34
6909
1
58
6914
1
58
6915
1
63
6941
1
61
6941
1
33
6941
1
6
6937
1
4
6916
1
4
6914
1
10
6909
1
10
6907
1
4
6884
1
4
6881
1
6
6881
33
6
6881
33
33
6881
33
61
6883
33
62
6884
33
37
6889
33
34
6889
33
31
6884
33
28
6884
33
5
6932
33
32
6938
33
37
6938
33
62
6941
33
61
6941
33
33
6941
33
6
6939
33
5
6938
33
28
6919
64
33
6928
64
33
6928
64
11
6893
64
11
6893
64
32
6903
64
33
6905
64
26
6915
64
25
6919
64
29
6946
1
24
6946
1
35
6949
1
35
6950
1
38
6966
1
38
6966
1
22
6950
1
22
6949
1
24
6892
1
36
6886
1
36
6881
1
61
6885
1
63
6907
1
63
6907
1
59
6918
64
38
6914
64
41
6907
64
41
6903
64
36
6893
64
37
6893
64
56
6928
64
56
0
1
2
17
65535
65535
19
65535
3
65535
65535
65535
6
7
8
65535
65535
65535
65535
65535
6
65535
65535
65535
11
12
13
9
10
65535
65535
65535
6
65535
65535
65535
16
17
2
3
14
15
65535
0
65535
4
65535
65535
13
14
3
65535
65535
65535
65535
3
6
65535
65535
65535
4
5
6
65535
65535
65535
22
65535
6
65535
65535
65535
13
3
4
6
8
9
4
65535
5
1
65535
2
22
23
24
25
19
65535
65535
65535
65535
9
8
65535
20
21
22
19
65535
65535
65535
65535
7
65535
65535
65535
25
26
18
19
65535
65535
65535
65535
65535
7
65535
65535
34
27
28
31
65535
65535
65535
65535
12
11
65535
65535
32
33
34
31
65535
65535
65535
65535
10
65535
65535
65535
28
29
30
31
65535
65535
65535
65535
65535
10
65535
65535
43
35
36
65535
65535
65535
65535
23
15
65535
65535
65535
39
40
41
38
65535
65535
65535
65535
16
65535
65535
65535
42
43
36
37
65535
65535
65535
13
65535
16
65535
65535
38
41
42
37
65535
65535
14
65535
15
65535
65535
65535
44
45
46
51
65535
65535
65535
65535
18
65535
65535
65535
50
51
46
47
48
49
65535
17
65535
65535
65535
65535
53
1
0
54
65535
65535
65535
0
65535
21
65535
65535
55
56
57
65535
65535
65535
65535
65535
21
65535
65535
65535
55
57
5
52
53
54
20
65535
22
65535
19
65535
5
4
52
65535
65535
65535
5
65535
21
65535
65535
65535
36
35
58
65535
65535
65535
13
65535
25
65535
65535
65535
60
61
62
63
65535
65535
65535
65535
65535
26
65535
65535
36
58
59
64
65535
65535
23
65535
26
65535
65535
65535
59
60
63
64
65535
65535
65535
24
65535
25
65535
65535
65535
65535
65535
65535
65535
65535
65535
65535
65535
65535
65535
65535
65535
65535
65535
65535
65535
65535
65535
65535
65535
65535
65535
65535
65535
65535
65535
65535
65535
65535
65535
65535
65535
65535
65535
65535
65535
65535
65535
65535
65535
65535
65535
65535
65535
65535
65535
65535
65535
65535
65535
65535
65535
65535
65535
65535
65535
65535
65535
65535
65535
65535
65535
65535
65535
65535
65535
65535
65535
65535
65535
65535
65535
65535
65535
65535
65535
65535
65535
65535
65535
65535
65535
65535
65535
65535
65535
65535
65535
65535
65535
65535
65535
65535
65535
65535
65535
65535
65535
65535
65535
65535
65535
65535
65535
65535
65535
65535
65535
65535
65535
65535
65535
65535
65535
65535
65535
65535
65535
65535
65535
65535
65535
65535
65535
65535
65535
65535
65535
65535
65535
65535
65535
65535
65535
65535
65535
65535
65535
65535
65535
65535
65535
65535
65535
65535
65535
65535
65535
65535
65535
65535
65535
65535
65535
65535
65535
65535
65535
65535
65535
65535
65535
65535
65535
65535
65535
65535
65535
65535
65535
65535
65535
65535
65535
65535
65535
65535
65535
65535
65535
65535
65535
65535
65535
65535
65535
65535
65535
65535
65535
65535
65535
65535
65535
65535
65535
65535
65535
65535
65535
65535
65535
65535
65535
65535
65535
65535
65535
65535
65535
65535
65535
65535
65535
65535
65535
65535
65535
65535
65535
65535
65535
65535
65535
65535
65535
65535
65535
65535
65535
65535
65535
65535
65535
65535
65535
65535
65535
65535
65535
65535
65535
65535
65535
65535
65535
65535
65535
65535
65535
65535
65535
65535
65535
65535
65535
65535
65535
65535
65535
65535
65535
65535
65535
65535
65535
65535
65535
65535
65535
65535
65535
65535
65535
65535
65535
65535
65535
65535
65535
65535
65535
65535
65535
65535
65535
65535
65535
65535
65535
65535
65535
65535
65535
65535
65535
65535
65535
65535
65535
65535
65535
65535
65535
65535
65535
65535
65535
65535
65535
65535
65535
65535
65535
65535
65535
65535
65535
65535
65535
65535
65535
65535
65535
65535
65535
65535
65535
65535
65535
65535
65535
65535
65535
65535
65535
65535
65535
65535
65535
65535
65535
65535
65535
65535
65535
65535
65535
65535
65535
65535
65535
65535
65535
65535
65535
65535
65535
65535
1
1
63
1
1
63
1
1
63
1
1
63
1
1
63
1
1
63
1
1
63
6
1
63
6
1
63
6
1
63
7
1
63
7
1
63
7
1
63
3
1
63
3
1
63
3
1
63
3
1
63
5
1
63
5
1
63
2
1
63
2
1
63
2
1
63
2
1
63
4
1
63
4
1
63
4
1
63
4
1
63
0
0
0
0
41743
0
0
18189
0
0
9821
0
0
32768
0
0
24932
0
0
24948
0
0
27951
0
0
29793
0
0
1056
0
0
57658
0
0
605
0
0
0
0
0
20
0
0
0
0
0
3
0
0
0
0
0
20
0
0
0
0
0
21
0
0
0
0
0
3
0
0
0
0
0
21
0
0
0
0
0
4
0
0
0
0
0
2
0
0
0
0
0
0
0
