72
140
34
2
0
1
21
3
0
2
17
0
1
2
5
2
0
1
21
5
0
4
17
0
3
4
4
0
2
3
4
0
1
2
5
3
0
2
17
0
1
2
5
3
0
2
17
0
1
2
5
3
0
2
17
0
1
2
5
3
0
2
17
0
1
2
5
2
0
1
21
2
0
1
21
4
0
3
17
0
2
3
4
0
1
2
5
3
0
2
17
0
1
2
5
3
0
2
17
0
1
2
5
3
0
2
17
0
1
2
5
3
0
2
17
0
1
2
5
3
0
2
17
0
1
2
5
5
0
4
17
0
1
4
1
1
2
4
1
2
3
4
5
2
0
1
21
4
0
3
17
0
1
3
1
1
2
3
5
5
0
4
17
0
1
4
1
1
2
4
1
2
3
4
5
2
0
1
21
4
0
3
17
0
2
3
4
0
1
2
5
4
0
3
17
0
2
3
4
0
1
2
5
2
0
1
21
2
0
1
21
3
0
2
17
0
1
2
5
3
0
2
17
0
1
2
5
5
0
4
17
0
3
4
4
0
1
3
1
1
2
3
5
2
0
1
21
3
0
2
17
0
1
2
5
5
0
4
17
0
3
4
4
0
1
3
1
1
2
3
5
2
0
1
21
3
0
2
17
0
1
2
5
3
0
2
17
0
1
2
5
52.800003
3.369144
-6.690908
52.200001
3.369144
-5.790908
52.500004
3.369144
-4.590908
49.500004
3.369144
-6.390908
49.200001
3.369144
-6.990908
47.100002
3.369144
-6.990908
47.100002
3.369144
-4.590908
52.500004
3.369144
-1.290908
52.200001
3.369144
1.409092
52.800003
3.369144
1.409092
51.300003
3.369144
-4.290908
51.000004
3.369144
-6.690908
49.500004
3.369144
-6.390908
47.100002
3.369144
-4.590908
47.100002
3.369144
-1.290908
51.300003
3.369144
-1.590908
47.100002
3.369144
-1.290908
46.800003
3.369144
1.409092
51.300003
3.369144
1.409092
51.300003
3.369144
-1.590908
45.900002
3.369144
-4.290908
45.900002
3.369144
-1.590908
47.100002
3.369144
-1.290908
47.100002
3.369144
-4.590908
52.500004
3.369144
-1.290908
52.800003
3.369144
1.409092
52.800003
3.369144
-6.690908
52.500004
3.369144
-4.590908
51.300003
3.369144
-1.590908
52.500004
3.369144
-1.290908
52.500004
3.369144
-4.590908
51.300003
3.369144
-4.290908
46.800003
0.369144
-4.890908
45.900002
0.369144
-4.590908
46.500000
0.369144
-3.690908
47.700001
0.369144
-6.390908
46.800003
0.369144
-6.390908
46.800003
0.369144
-4.890908
51.000004
0.369144
-4.590908
52.200001
0.369144
-4.890908
51.600002
0.369144
-6.390908
51.000004
0.369144
-6.390908
50.400002
0.369144
-4.890908
51.300003
0.369144
-2.190908
49.200001
0.369144
-0.690907
50.400002
0.369144
-0.690907
51.000004
0.369144
-0.990908
46.800003
0.369144
0.809093
48.600002
0.369144
0.809093
49.200001
0.369144
-0.690907
46.200001
0.369144
-1.290908
51.000004
0.369144
-3.690908
51.000004
0.369144
-4.590908
50.400002
0.369144
-4.890908
49.500004
0.369144
-4.890908
51.300003
0.369144
-2.190908
52.800003
0.369144
-2.190908
52.800003
0.369144
-3.390908
51.000004
0.369144
-3.690908
49.500004
0.369144
-4.890908
47.700001
0.369144
-6.390908
46.800003
0.369144
-4.890908
46.500000
0.369144
-3.690908
51.300003
0.369144
-2.190908
51.000004
0.369144
-3.690908
49.500004
0.369144
-4.890908
46.500000
0.369144
-3.690908
46.200001
0.369144
-1.290908
49.200001
0.369144
-0.690907
49.500004
0.369144
-4.890908
48.000000
0.369144
-6.990908
47.700001
0.369144
-6.390908
50.400002
0.369144
-0.690907
51.300003
0.369144
1.409092
52.800003
0.369144
1.409092
52.500004
0.369144
-0.690907
51.000004
0.369144
-0.990908
75.300003
10.969144
-0.090908
75.000000
10.969144
-5.790908
72.600006
10.969144
-6.990908
63.300003
10.969144
-6.990908
63.300003
10.969144
1.409092
72.600006
10.969144
1.409092
63.300003
0.369144
0.209092
63.300003
0.369144
1.409092
64.200005
0.369144
0.809093
71.400002
0.369144
0.809093
71.700005
0.369144
1.409092
72.600006
0.369144
1.409092
74.700005
0.369144
0.209092
74.700005
0.369144
-0.690907
63.900002
0.369144
-0.690907
63.300003
0.369144
0.209092
64.200005
0.369144
0.809093
65.700005
0.369144
0.809093
65.100006
0.369144
-0.990908
69.900002
0.369144
0.809093
71.400002
0.369144
0.809093
74.700005
0.369144
-0.690907
74.700005
0.369144
-0.690907
75.300003
0.369144
-0.990908
75.300003
0.369144
-4.290908
63.300003
0.369144
-3.390908
63.300003
0.369144
-2.190908
65.100006
0.369144
-1.890908
65.100006
0.369144
-3.690908
75.300003
0.369144
-4.290908
74.700005
0.369144
-5.790908
72.600006
0.369144
-6.990908
69.900002
0.369144
-6.390908
65.100006
0.369144
-0.990908
65.700005
0.369144
0.809093
66.000000
0.369144
1.409092
69.600006
0.369144
1.409092
69.900002
0.369144
0.809093
65.100006
0.369144
-1.890908
66.600006
0.369144
-6.090908
64.800003
0.369144
-4.890908
65.100006
0.369144
-3.690908
69.300003
0.369144
-6.990908
66.600006
0.369144
-6.990908
66.600006
0.369144
-6.090908
69.900002
0.369144
-6.390908
69.900002
0.369144
-6.390908
66.600006
0.369144
-6.090908
65.100006
0.369144
-1.890908
69.900002
0.369144
0.809093
74.700005
0.369144
-0.690907
75.300003
0.369144
-4.290908
66.600006
0.369144
-6.090908
65.100006
0.369144
-3.690908
65.100006
0.369144
-1.890908
76.800003
7.369144
-1.890908
84.900002
7.369144
-1.890908
84.900002
7.369144
-3.690908
76.800003
7.369144
-3.990908
54.300003
2.569144
-3.390908
54.300003
2.569144
-2.190908
61.800003
2.569144
-2.190908
61.800003
2.569144
-3.390908
0
3
0
1
3
4
1
2
7
3
3
1
10
6
4
4
16
4
8
2
20
4
10
2
24
4
12
2
28
4
14
2
32
3
16
1
35
3
17
1
38
5
18
3
43
4
21
2
47
4
23
2
51
4
25
2
55
4
27
2
59
4
29
2
63
6
31
4
69
3
35
1
72
5
36
3
77
6
39
4
83
3
43
1
86
5
44
3
91
5
47
3
96
3
50
1
99
3
51
1
102
4
52
2
106
4
54
2
110
6
56
4
116
3
60
1
119
4
61
2
123
6
63
4
129
3
67
1
132
4
68
2
136
4
70
2
84
34
72
6
0.300000
0.200000
0
1.300000
0.000000
-0.230856
-9.090908
85.694397
12.844391
5.546544
153
17
16
153
17
25
157
17
26
156
17
35
171
17
35
171
17
25
175
17
26
174
17
35
176
17
35
176
17
8
174
17
11
175
17
15
171
17
16
170
17
8
165
17
9
164
17
7
157
17
7
157
17
15
153
2
15
155
2
18
154
2
26
156
2
33
162
2
33
164
2
28
168
2
28
171
2
35
176
2
35
175
2
28
170
2
27
171
2
23
176
2
23
176
2
19
170
2
18
170
2
15
174
2
14
172
2
9
170
2
9
168
2
14
165
2
14
160
2
7
159
2
9
156
2
9
156
2
14
211
55
7
211
55
35
242
55
35
251
55
30
250
55
11
242
55
7
211
2
19
211
2
23
217
2
24
217
2
27
213
2
28
211
2
31
211
2
35
214
2
33
219
2
33
220
2
35
232
2
35
233
2
33
238
2
33
239
2
35
242
2
35
249
2
31
249
2
28
251
2
27
251
2
16
249
2
11
242
2
7
233
2
9
231
2
7
222
2
7
222
2
10
216
2
14
217
2
18
256
37
17
256
37
24
283
37
24
283
37
18
181
13
19
181
13
23
206
13
23
206
13
19
9
10
11
65535
65535
65535
65535
65535
6
65535
65535
65535
14
15
16
17
65535
65535
65535
65535
65535
3
65535
65535
6
7
8
65535
65535
65535
65535
65535
6
65535
65535
65535
12
13
14
17
2
5
65535
65535
1
5
4
7
2
3
4
5
65535
65535
65535
65535
65535
3
65535
65535
0
1
2
17
65535
65535
65535
65535
3
65535
65535
65535
6
8
9
11
65535
65535
2
65535
0
7
65535
65535
5
6
11
12
65535
65535
65535
6
65535
3
65535
65535
42
18
19
65535
65535
65535
65535
65535
15
65535
65535
65535
40
41
42
65535
65535
65535
65535
65535
15
65535
65535
65535
33
34
35
36
37
65535
65535
65535
65535
65535
13
65535
29
23
24
28
65535
65535
16
65535
18
65535
65535
65535
21
22
23
20
65535
65535
65535
65535
16
65535
65535
65535
32
33
37
38
65535
65535
65535
10
65535
16
65535
65535
29
30
31
32
65535
65535
65535
65535
65535
16
65535
65535
38
40
42
19
65535
65535
17
9
8
16
65535
65535
29
32
38
19
20
23
14
13
15
65535
12
11
38
39
40
65535
65535
65535
65535
65535
15
65535
65535
65535
24
25
26
27
28
65535
65535
65535
65535
65535
11
65535
46
47
48
43
44
45
65535
65535
65535
65535
65535
65535
54
55
56
65535
65535
65535
65535
65535
22
65535
65535
65535
61
62
63
64
65
65535
65535
65535
65535
65535
23
65535
53
54
56
57
52
65535
65535
20
65535
27
65535
65535
60
61
65
65535
65535
65535
65535
21
30
65535
65535
65535
65
66
67
65535
65535
65535
65535
65535
30
65535
65535
65535
49
50
51
75
65535
65535
65535
65535
31
65535
65535
65535
67
68
69
70
65535
65535
65535
65535
65535
30
65535
65535
52
57
58
59
60
51
22
65535
65535
65535
30
65535
73
74
75
65535
65535
65535
65535
65535
31
65535
65535
65535
71
72
73
70
65535
65535
65535
65535
30
65535
65535
65535
70
73
51
60
65
67
29
31
27
23
24
26
73
75
51
65535
65535
65535
28
25
30
65535
65535
65535
77
78
79
76
65535
65535
65535
65535
65535
65535
65535
65535
80
81
82
83
65535
65535
65535
65535
65535
65535
65535
65535
65535
65535
65535
65535
65535
65535
65535
65535
65535
65535
65535
65535
65535
65535
65535
65535
65535
65535
65535
65535
65535
65535
65535
65535
65535
65535
65535
65535
65535
65535
65535
65535
65535
65535
65535
65535
65535
65535
65535
65535
65535
65535
65535
65535
65535
65535
65535
65535
65535
65535
65535
65535
65535
65535
65535
65535
65535
65535
65535
65535
65535
65535
65535
65535
65535
65535
65535
65535
65535
65535
65535
65535
65535
65535
65535
65535
65535
65535
65535
65535
65535
65535
65535
65535
65535
65535
65535
65535
65535
65535
65535
65535
65535
65535
65535
65535
65535
65535
65535
65535
65535
65535
65535
65535
65535
65535
65535
65535
65535
65535
65535
65535
65535
65535
65535
65535
65535
65535
65535
65535
65535
65535
65535
65535
65535
65535
65535
65535
65535
65535
65535
65535
65535
65535
65535
65535
65535
65535
65535
65535
65535
65535
65535
65535
65535
65535
65535
65535
65535
65535
65535
65535
65535
65535
65535
65535
65535
65535
65535
65535
65535
65535
65535
65535
65535
65535
65535
65535
65535
65535
65535
65535
65535
65535
65535
65535
65535
65535
65535
65535
65535
65535
65535
65535
65535
65535
65535
65535
65535
65535
65535
65535
65535
65535
65535
65535
65535
65535
65535
65535
65535
65535
65535
65535
65535
65535
65535
65535
65535
65535
65535
65535
65535
65535
65535
65535
65535
65535
65535
65535
65535
65535
65535
65535
65535
65535
65535
65535
65535
65535
65535
65535
65535
65535
65535
65535
65535
65535
65535
65535
65535
65535
65535
65535
65535
65535
65535
65535
65535
65535
65535
65535
65535
65535
65535
65535
65535
65535
65535
65535
65535
65535
65535
65535
65535
65535
65535
65535
65535
65535
65535
65535
65535
65535
65535
65535
65535
65535
65535
65535
65535
65535
65535
65535
65535
65535
65535
65535
65535
65535
65535
65535
65535
65535
65535
65535
65535
65535
65535
65535
65535
65535
65535
65535
65535
65535
65535
65535
65535
65535
65535
65535
65535
65535
65535
65535
65535
65535
65535
65535
65535
65535
65535
65535
65535
65535
65535
65535
65535
65535
65535
65535
65535
65535
65535
65535
65535
65535
65535
65535
65535
65535
65535
65535
65535
65535
65535
65535
65535
65535
65535
65535
65535
65535
65535
65535
65535
65535
65535
65535
65535
65535
65535
65535
65535
65535
65535
65535
65535
65535
65535
65535
65535
65535
65535
65535
65535
65535
65535
65535
65535
65535
65535
65535
65535
65535
65535
65535
65535
65535
65535
65535
65535
65535
65535
65535
65535
65535
65535
65535
65535
65535
65535
65535
65535
65535
65535
65535
65535
65535
65535
65535
65535
65535
65535
65535
65535
65535
65535
65535
65535
65535
65535
65535
65535
65535
65535
65535
65535
65535
65535
65535
65535
65535
65535
65535
65535
65535
65535
65535
65535
65535
65535
65535
65535
65535
65535
65535
65535
65535
65535
65535
65535
65535
65535
65535
3
1
63
3
1
63
3
1
63
3
1
63
3
1
63
3
1
63
3
1
63
3
1
63
4
1
63
4
1
63
4
1
63
4
1
63
4
1
63
4
1
63
4
1
63
4
1
63
4
1
63
4
1
63
4
1
63
1
1
63
2
1
63
2
1
63
2
1
63
2
1
63
2
1
63
2
1
63
2
1
63
2
1
63
2
1
63
2
1
63
2
1
63
2
1
63
5
1
63
6
1
63
0
0
0
0
0
0
0
23825
0
0
19774
0
0
5013
0
0
32770
0
0
0
0
0
0
0
0
0
0
0
0
0
0
0
0
0
0
0
0
0
0
0
0
0
0
0
0
0
0
0
0
0
0
0
0
0
0
0
0
0
0
0
0
0
0
0
0
0
0
0
0
0
0
0
0
0
0
0
0
0
0
0
0
0
0
0
0
0
0
0
0
0
0
0
0
0
11105
0
0
2
0
0
0
0
0
0
0
0
2
0
0
0
0
0
0
0
